{
 "cells": [
  {
   "cell_type": "markdown",
   "metadata": {},
   "source": [
    "# Assignment 4 - fit 5149"
   ]
  },
  {
   "cell_type": "code",
   "execution_count": 78,
   "metadata": {
    "collapsed": true
   },
   "outputs": [],
   "source": [
    "set.seed(1234)"
   ]
  },
  {
   "cell_type": "markdown",
   "metadata": {},
   "source": [
    "The dataset obtained from a prostate cancer lab containing 3000 observations with 10 numerical features. The cancer is classified into categories tha are related to the level of treatability.\n",
    "\n",
    "- 0 for curable\n",
    "- 1 for tumour stage \n",
    "- 2 for node stage\n",
    "- 3 for incurable cancers.\n",
    "\n",
    "Our task is to classifier using machine learning methods that will help predict the stage of a pateients caner given 10 variables that are provided to us.\n",
    "\n"
   ]
  },
  {
   "cell_type": "code",
   "execution_count": 79,
   "metadata": {},
   "outputs": [
    {
     "name": "stderr",
     "output_type": "stream",
     "text": [
      "SHA-1 hash of file is bf3c7b8ac910823b729e3ce73bb6ab5e6955ad3d\n"
     ]
    }
   ],
   "source": [
    "library(reshape2)\n",
    "library(ggplot2)\n",
    "library(caret)\n",
    "library(randomForest)\n",
    "library(e1071)\n",
    "library(ISLR)\n",
    "require(boot)\n",
    "library(MASS)\n",
    "library(pROC)\n",
    "library(nnet)\n",
    "library(class)\n",
    "library(kernlab)\n",
    "library(ggplot2)\n",
    "library(kknn)\n",
    "library(devtools)\n",
    "\n",
    "#plot.nn\n",
    "source_url('https://gist.githubusercontent.com/Peque/41a9e20d6687f2f3108d/raw/85e14f3a292e126f1454864427e3a189c2fe33f3/nnet_plot_update.r')"
   ]
  },
  {
   "cell_type": "code",
   "execution_count": 80,
   "metadata": {
    "collapsed": true
   },
   "outputs": [],
   "source": [
    "options(warn=-1)"
   ]
  },
  {
   "cell_type": "code",
   "execution_count": 81,
   "metadata": {
    "collapsed": true
   },
   "outputs": [],
   "source": [
    "# reading the data\n",
    "data <- read.csv('data3000Final.csv', sep=',')"
   ]
  },
  {
   "cell_type": "code",
   "execution_count": 82,
   "metadata": {},
   "outputs": [
    {
     "data": {
      "text/html": [
       "<table>\n",
       "<thead><tr><th scope=col>ID</th><th scope=col>ATT1</th><th scope=col>ATT2</th><th scope=col>ATT3</th><th scope=col>ATT4</th><th scope=col>ATT5</th><th scope=col>ATT6</th><th scope=col>ATT7</th><th scope=col>ATT8</th><th scope=col>ATT9</th><th scope=col>ATT10</th><th scope=col>Result</th></tr></thead>\n",
       "<tbody>\n",
       "\t<tr><td>1 </td><td>1 </td><td>4 </td><td>1 </td><td>4 </td><td>3 </td><td>7 </td><td> 1</td><td>2 </td><td>6 </td><td>8 </td><td>0 </td></tr>\n",
       "\t<tr><td>2 </td><td>? </td><td>8 </td><td>9 </td><td>1 </td><td>1 </td><td>1 </td><td> 1</td><td>5 </td><td>6 </td><td>1 </td><td>1 </td></tr>\n",
       "\t<tr><td>3 </td><td>10</td><td>7 </td><td>? </td><td>7 </td><td>? </td><td>5 </td><td> 2</td><td>7 </td><td>1 </td><td>1 </td><td>2 </td></tr>\n",
       "\t<tr><td>4 </td><td>3 </td><td>4 </td><td>3 </td><td>? </td><td>2 </td><td>8 </td><td> 4</td><td>6 </td><td>7 </td><td>2 </td><td>1 </td></tr>\n",
       "\t<tr><td>5 </td><td>3 </td><td>5 </td><td>2 </td><td>1 </td><td>6 </td><td>5 </td><td> 3</td><td>1 </td><td>7 </td><td>1 </td><td>0 </td></tr>\n",
       "\t<tr><td>6 </td><td>2 </td><td>7 </td><td>3 </td><td>2 </td><td>1 </td><td>4 </td><td>10</td><td>3 </td><td>9 </td><td>5 </td><td>1 </td></tr>\n",
       "</tbody>\n",
       "</table>\n"
      ],
      "text/latex": [
       "\\begin{tabular}{r|llllllllllll}\n",
       " ID & ATT1 & ATT2 & ATT3 & ATT4 & ATT5 & ATT6 & ATT7 & ATT8 & ATT9 & ATT10 & Result\\\\\n",
       "\\hline\n",
       "\t 1  & 1  & 4  & 1  & 4  & 3  & 7  &  1 & 2  & 6  & 8  & 0 \\\\\n",
       "\t 2  & ?  & 8  & 9  & 1  & 1  & 1  &  1 & 5  & 6  & 1  & 1 \\\\\n",
       "\t 3  & 10 & 7  & ?  & 7  & ?  & 5  &  2 & 7  & 1  & 1  & 2 \\\\\n",
       "\t 4  & 3  & 4  & 3  & ?  & 2  & 8  &  4 & 6  & 7  & 2  & 1 \\\\\n",
       "\t 5  & 3  & 5  & 2  & 1  & 6  & 5  &  3 & 1  & 7  & 1  & 0 \\\\\n",
       "\t 6  & 2  & 7  & 3  & 2  & 1  & 4  & 10 & 3  & 9  & 5  & 1 \\\\\n",
       "\\end{tabular}\n"
      ],
      "text/markdown": [
       "\n",
       "ID | ATT1 | ATT2 | ATT3 | ATT4 | ATT5 | ATT6 | ATT7 | ATT8 | ATT9 | ATT10 | Result | \n",
       "|---|---|---|---|---|---|\n",
       "| 1  | 1  | 4  | 1  | 4  | 3  | 7  |  1 | 2  | 6  | 8  | 0  | \n",
       "| 2  | ?  | 8  | 9  | 1  | 1  | 1  |  1 | 5  | 6  | 1  | 1  | \n",
       "| 3  | 10 | 7  | ?  | 7  | ?  | 5  |  2 | 7  | 1  | 1  | 2  | \n",
       "| 4  | 3  | 4  | 3  | ?  | 2  | 8  |  4 | 6  | 7  | 2  | 1  | \n",
       "| 5  | 3  | 5  | 2  | 1  | 6  | 5  |  3 | 1  | 7  | 1  | 0  | \n",
       "| 6  | 2  | 7  | 3  | 2  | 1  | 4  | 10 | 3  | 9  | 5  | 1  | \n",
       "\n",
       "\n"
      ],
      "text/plain": [
       "  ID ATT1 ATT2 ATT3 ATT4 ATT5 ATT6 ATT7 ATT8 ATT9 ATT10 Result\n",
       "1 1  1    4    1    4    3    7     1   2    6    8     0     \n",
       "2 2  ?    8    9    1    1    1     1   5    6    1     1     \n",
       "3 3  10   7    ?    7    ?    5     2   7    1    1     2     \n",
       "4 4  3    4    3    ?    2    8     4   6    7    2     1     \n",
       "5 5  3    5    2    1    6    5     3   1    7    1     0     \n",
       "6 6  2    7    3    2    1    4    10   3    9    5     1     "
      ]
     },
     "metadata": {},
     "output_type": "display_data"
    }
   ],
   "source": [
    "head(data)"
   ]
  },
  {
   "cell_type": "code",
   "execution_count": 83,
   "metadata": {},
   "outputs": [
    {
     "data": {
      "text/html": [
       "4"
      ],
      "text/latex": [
       "4"
      ],
      "text/markdown": [
       "4"
      ],
      "text/plain": [
       "[1] 4"
      ]
     },
     "metadata": {},
     "output_type": "display_data"
    }
   ],
   "source": [
    "sum(data=='?')"
   ]
  },
  {
   "cell_type": "markdown",
   "metadata": {},
   "source": [
    "We have missing values in our data in a form of a question mark. There are 4 missing values which we will impute using linear regression. For modelling puposes th 'ID' column is left out as it will not provide usefull information."
   ]
  },
  {
   "cell_type": "code",
   "execution_count": 84,
   "metadata": {
    "collapsed": true
   },
   "outputs": [],
   "source": [
    "# remove ID \n",
    "actual = data[,-1]"
   ]
  },
  {
   "cell_type": "code",
   "execution_count": 85,
   "metadata": {
    "collapsed": true
   },
   "outputs": [],
   "source": [
    "imp_data <- actual[-c(2:4),]"
   ]
  },
  {
   "cell_type": "code",
   "execution_count": 86,
   "metadata": {
    "collapsed": true
   },
   "outputs": [],
   "source": [
    "folds1 <- cut(seq(1,nrow(imp_data)),breaks=10,labels=FALSE)"
   ]
  },
  {
   "cell_type": "markdown",
   "metadata": {},
   "source": [
    "We remove the rows that contain missing values. Convert all columns to numeric and then fit our models."
   ]
  },
  {
   "cell_type": "code",
   "execution_count": 87,
   "metadata": {
    "collapsed": true
   },
   "outputs": [],
   "source": [
    "imp_data$ATT1 <- as.numeric(as.character(imp_data$ATT1))\n",
    "imp_data$ATT3 <- as.numeric(as.character(imp_data$ATT3))\n",
    "imp_data$ATT4 <- as.numeric(as.character(imp_data$ATT4))\n",
    "imp_data$ATT5 <- as.numeric(as.character(imp_data$ATT5))"
   ]
  },
  {
   "cell_type": "markdown",
   "metadata": {},
   "source": [
    "### ATT1"
   ]
  },
  {
   "cell_type": "code",
   "execution_count": 88,
   "metadata": {},
   "outputs": [
    {
     "data": {
      "text/html": [
       "2.033"
      ],
      "text/latex": [
       "2.033"
      ],
      "text/markdown": [
       "2.033"
      ],
      "text/plain": [
       "[1] 2.033"
      ]
     },
     "metadata": {},
     "output_type": "display_data"
    }
   ],
   "source": [
    "error.lm1 <- seq(1:10)\n",
    "for(i in 1:10){\n",
    "    testIndexes <- which(folds1==i,arr.ind=TRUE)\n",
    "    test.data <- imp_data[testIndexes, -1]\n",
    "    test.labels <- imp_data[testIndexes, 1]\n",
    "    train.data <- imp_data[-testIndexes, ]\n",
    "    \n",
    "\n",
    "    lm.fit1 <- lm(ATT1~ ., train.data)\n",
    "    prediction <- predict(lm.fit1, test.data)\n",
    "    error.lm1[i] <- sqrt((prediction - test.labels)^2)\n",
    "}\n",
    "round(mean(error.lm1),3)"
   ]
  },
  {
   "cell_type": "code",
   "execution_count": 89,
   "metadata": {
    "collapsed": true
   },
   "outputs": [],
   "source": [
    "fit1 <- lm(ATT1~as.factor(Result) + ATT2 + ATT3 +ATT4 + ATT5 + ATT6 +ATT7 +ATT8 + ATT9 + ATT10, imp_data)\n",
    "fit3 <- lm(ATT3~as.factor(Result) + ATT2 + ATT1 +ATT4  + ATT6 +ATT7 +ATT8 + ATT9 + ATT10, imp_data[,-5])\n",
    "fit4 <- lm(ATT4~as.factor(Result) + ATT2 + ATT3 +ATT1 + ATT5 + ATT6 +ATT7 +ATT8 + ATT9 + ATT10, imp_data)\n",
    "fit5 <- lm(ATT5~as.factor(Result) + ATT2 + ATT1 +ATT4 + ATT6 +ATT7 +ATT8 + ATT9 + ATT10, imp_data[,-3])"
   ]
  },
  {
   "cell_type": "code",
   "execution_count": 90,
   "metadata": {},
   "outputs": [
    {
     "data": {
      "text/plain": [
       "\n",
       "Call:\n",
       "lm(formula = ATT1 ~ as.factor(Result) + ATT2 + ATT3 + ATT4 + \n",
       "    ATT5 + ATT6 + ATT7 + ATT8 + ATT9 + ATT10, data = imp_data)\n",
       "\n",
       "Residuals:\n",
       "    Min      1Q  Median      3Q     Max \n",
       "-7.3573 -1.6217 -0.0649  1.5207  6.7581 \n",
       "\n",
       "Coefficients:\n",
       "                   Estimate Std. Error t value Pr(>|t|)    \n",
       "(Intercept)        11.27158    0.29398   38.34   <2e-16 ***\n",
       "as.factor(Result)1  3.99406    0.13909   28.71   <2e-16 ***\n",
       "as.factor(Result)2  7.25325    0.21019   34.51   <2e-16 ***\n",
       "as.factor(Result)3 10.63073    0.31704   33.53   <2e-16 ***\n",
       "ATT2               -0.27163    0.01725  -15.75   <2e-16 ***\n",
       "ATT3               -0.24996    0.01761  -14.19   <2e-16 ***\n",
       "ATT4               -0.26980    0.01765  -15.29   <2e-16 ***\n",
       "ATT5               -0.28591    0.01779  -16.07   <2e-16 ***\n",
       "ATT6               -0.25482    0.01740  -14.64   <2e-16 ***\n",
       "ATT7               -0.24053    0.01722  -13.96   <2e-16 ***\n",
       "ATT8               -0.26905    0.01742  -15.45   <2e-16 ***\n",
       "ATT9               -0.26198    0.01762  -14.87   <2e-16 ***\n",
       "ATT10              -0.26737    0.01757  -15.22   <2e-16 ***\n",
       "---\n",
       "Signif. codes:  0 ‘***’ 0.001 ‘**’ 0.01 ‘*’ 0.05 ‘.’ 0.1 ‘ ’ 1\n",
       "\n",
       "Residual standard error: 2.249 on 2984 degrees of freedom\n",
       "Multiple R-squared:  0.3198,\tAdjusted R-squared:  0.317 \n",
       "F-statistic: 116.9 on 12 and 2984 DF,  p-value: < 2.2e-16\n"
      ]
     },
     "metadata": {},
     "output_type": "display_data"
    }
   ],
   "source": [
    "summary(fit1)"
   ]
  },
  {
   "cell_type": "code",
   "execution_count": 91,
   "metadata": {},
   "outputs": [
    {
     "data": {
      "text/html": [
       "<strong>2:</strong> 6"
      ],
      "text/latex": [
       "\\textbf{2:} 6"
      ],
      "text/markdown": [
       "**2:** 6"
      ],
      "text/plain": [
       "2 \n",
       "6 "
      ]
     },
     "metadata": {},
     "output_type": "display_data"
    }
   ],
   "source": [
    "test1 <- actual[2,-1]\n",
    "test1$ATT3 <- as.numeric(test1$ATT3)\n",
    "test1$ATT4 <- as.numeric(test1$ATT4)\n",
    "test1$ATT5 <- as.numeric(test1$ATT5)\n",
    "round(predict(fit1, test1))\n",
    "actual[2,1] <- round(predict(fit1, test1))"
   ]
  },
  {
   "cell_type": "markdown",
   "metadata": {},
   "source": [
    "### ATT3"
   ]
  },
  {
   "cell_type": "code",
   "execution_count": 92,
   "metadata": {},
   "outputs": [
    {
     "data": {
      "text/html": [
       "2.561"
      ],
      "text/latex": [
       "2.561"
      ],
      "text/markdown": [
       "2.561"
      ],
      "text/plain": [
       "[1] 2.561"
      ]
     },
     "metadata": {},
     "output_type": "display_data"
    }
   ],
   "source": [
    "error.lm2 <- seq(1:10)\n",
    "for(i in 1:10){\n",
    "    testIndexes <- which(folds1==i,arr.ind=TRUE)\n",
    "    test.data <- imp_data[testIndexes, -3]\n",
    "    test.labels <- imp_data[testIndexes, 3]\n",
    "    train.data <- imp_data[-testIndexes, ]\n",
    "    \n",
    "\n",
    "    lm.fit2 <- lm(ATT3~ ., train.data[,-5])\n",
    "    prediction <- predict(lm.fit2, test.data)\n",
    "    error.lm2[i] <- sqrt((prediction - test.labels)^2)\n",
    "}\n",
    "round(mean(error.lm2),3)"
   ]
  },
  {
   "cell_type": "code",
   "execution_count": 93,
   "metadata": {},
   "outputs": [
    {
     "data": {
      "text/plain": [
       "\n",
       "Call:\n",
       "lm(formula = ATT3 ~ as.factor(Result) + ATT2 + ATT1 + ATT4 + \n",
       "    ATT6 + ATT7 + ATT8 + ATT9 + ATT10, data = imp_data[, -5])\n",
       "\n",
       "Residuals:\n",
       "    Min      1Q  Median      3Q     Max \n",
       "-5.8806 -1.7552 -0.1895  1.7026  6.9689 \n",
       "\n",
       "Coefficients:\n",
       "                   Estimate Std. Error t value Pr(>|t|)    \n",
       "(Intercept)         8.91979    0.26254   33.98   <2e-16 ***\n",
       "as.factor(Result)1  3.12635    0.13417   23.30   <2e-16 ***\n",
       "as.factor(Result)2  5.65988    0.19528   28.98   <2e-16 ***\n",
       "as.factor(Result)3  8.31006    0.29519   28.15   <2e-16 ***\n",
       "ATT2               -0.19203    0.01758  -10.93   <2e-16 ***\n",
       "ATT1               -0.19247    0.01795  -10.72   <2e-16 ***\n",
       "ATT4               -0.22431    0.01803  -12.44   <2e-16 ***\n",
       "ATT6               -0.21004    0.01772  -11.86   <2e-16 ***\n",
       "ATT7               -0.21950    0.01751  -12.54   <2e-16 ***\n",
       "ATT8               -0.22333    0.01762  -12.68   <2e-16 ***\n",
       "ATT9               -0.20584    0.01810  -11.37   <2e-16 ***\n",
       "ATT10              -0.18760    0.01812  -10.36   <2e-16 ***\n",
       "---\n",
       "Signif. codes:  0 ‘***’ 0.001 ‘**’ 0.01 ‘*’ 0.05 ‘.’ 0.1 ‘ ’ 1\n",
       "\n",
       "Residual standard error: 2.342 on 2985 degrees of freedom\n",
       "Multiple R-squared:  0.2577,\tAdjusted R-squared:  0.255 \n",
       "F-statistic: 94.23 on 11 and 2985 DF,  p-value: < 2.2e-16\n"
      ]
     },
     "metadata": {},
     "output_type": "display_data"
    }
   ],
   "source": [
    "summary(fit3)"
   ]
  },
  {
   "cell_type": "code",
   "execution_count": 94,
   "metadata": {},
   "outputs": [
    {
     "data": {
      "text/html": [
       "<strong>3:</strong> 7"
      ],
      "text/latex": [
       "\\textbf{3:} 7"
      ],
      "text/markdown": [
       "**3:** 7"
      ],
      "text/plain": [
       "3 \n",
       "7 "
      ]
     },
     "metadata": {},
     "output_type": "display_data"
    }
   ],
   "source": [
    "test2 <- actual[3,-c(3,5)]\n",
    "test2$ATT1 <- as.numeric(test2$ATT1)\n",
    "test2$ATT4 <- as.numeric(test2$ATT4)\n",
    "round(predict(fit3, test2))\n",
    "actual[3,3] <- round(predict(fit3, test2))"
   ]
  },
  {
   "cell_type": "markdown",
   "metadata": {},
   "source": [
    "### ATT5"
   ]
  },
  {
   "cell_type": "code",
   "execution_count": 95,
   "metadata": {},
   "outputs": [
    {
     "data": {
      "text/html": [
       "1.452"
      ],
      "text/latex": [
       "1.452"
      ],
      "text/markdown": [
       "1.452"
      ],
      "text/plain": [
       "[1] 1.452"
      ]
     },
     "metadata": {},
     "output_type": "display_data"
    }
   ],
   "source": [
    "error.lm5 <- seq(1:10)\n",
    "for(i in 1:10){\n",
    "    testIndexes <- which(folds1==i,arr.ind=TRUE)\n",
    "    test.data <- imp_data[testIndexes, -5]\n",
    "    test.labels <- imp_data[testIndexes, 5]\n",
    "    train.data <- imp_data[-testIndexes, ]\n",
    "    \n",
    "\n",
    "    lm.fit5 <- lm(ATT5~ ., train.data[,-3])\n",
    "    prediction <- predict(lm.fit5, test.data)\n",
    "    error.lm5[i] <- sqrt((prediction - test.labels)^2)\n",
    "}\n",
    "round(mean(error.lm5),3)"
   ]
  },
  {
   "cell_type": "code",
   "execution_count": 96,
   "metadata": {},
   "outputs": [
    {
     "data": {
      "text/html": [
       "<strong>3:</strong> 7"
      ],
      "text/latex": [
       "\\textbf{3:} 7"
      ],
      "text/markdown": [
       "**3:** 7"
      ],
      "text/plain": [
       "3 \n",
       "7 "
      ]
     },
     "metadata": {},
     "output_type": "display_data"
    }
   ],
   "source": [
    "test5 <- actual[3,-c(3,5)]\n",
    "test5$ATT1 <- as.numeric(test5$ATT1)\n",
    "test5$ATT4 <- as.numeric(test5$ATT4)\n",
    "round(predict(fit5, test5))\n",
    "actual[3,5] <- round(predict(fit5, test5))"
   ]
  },
  {
   "cell_type": "markdown",
   "metadata": {},
   "source": [
    "### ATT4"
   ]
  },
  {
   "cell_type": "code",
   "execution_count": 97,
   "metadata": {},
   "outputs": [
    {
     "data": {
      "text/html": [
       "1.485"
      ],
      "text/latex": [
       "1.485"
      ],
      "text/markdown": [
       "1.485"
      ],
      "text/plain": [
       "[1] 1.485"
      ]
     },
     "metadata": {},
     "output_type": "display_data"
    }
   ],
   "source": [
    "error.lm4 <- seq(1:10)\n",
    "for(i in 1:10){\n",
    "    testIndexes <- which(folds1==i,arr.ind=TRUE)\n",
    "    test.data <- imp_data[testIndexes, -4]\n",
    "    test.labels <- imp_data[testIndexes, 4]\n",
    "    train.data <- imp_data[-testIndexes, ]\n",
    "    \n",
    "\n",
    "    lm.fit4 <- lm(ATT4~ ., train.data[])\n",
    "    prediction <- predict(lm.fit4, test.data)\n",
    "    error.lm4[i] <- sqrt((prediction - test.labels)^2)\n",
    "}\n",
    "round(mean(error.lm4),3)"
   ]
  },
  {
   "cell_type": "code",
   "execution_count": 98,
   "metadata": {},
   "outputs": [
    {
     "data": {
      "text/html": [
       "<strong>4:</strong> 3"
      ],
      "text/latex": [
       "\\textbf{4:} 3"
      ],
      "text/markdown": [
       "**4:** 3"
      ],
      "text/plain": [
       "4 \n",
       "3 "
      ]
     },
     "metadata": {},
     "output_type": "display_data"
    }
   ],
   "source": [
    "test4 <- actual[4,-c(4)]\n",
    "test4$ATT1 <- as.numeric(test4$ATT1)\n",
    "test4$ATT3 <- as.numeric(test4$ATT3)\n",
    "test4$ATT5 <- as.numeric(test4$ATT5)\n",
    "round(predict(fit4, test4))\n",
    "actual[4,4] <- round(predict(fit4, test4))"
   ]
  },
  {
   "cell_type": "code",
   "execution_count": 99,
   "metadata": {
    "collapsed": true
   },
   "outputs": [],
   "source": [
    "actual$ATT1 <- as.integer(as.character(actual$ATT1))\n",
    "actual$ATT3 <- as.integer(as.character(actual$ATT3))\n",
    "actual$ATT4 <- as.integer(as.character(actual$ATT4))\n",
    "actual$ATT5 <- as.integer(as.character(actual$ATT5))"
   ]
  },
  {
   "cell_type": "code",
   "execution_count": 100,
   "metadata": {},
   "outputs": [
    {
     "name": "stdout",
     "output_type": "stream",
     "text": [
      "'data.frame':\t3000 obs. of  11 variables:\n",
      " $ ATT1  : int  1 6 10 3 3 2 1 8 2 1 ...\n",
      " $ ATT2  : int  4 8 7 4 5 7 1 5 9 1 ...\n",
      " $ ATT3  : int  1 9 7 3 2 3 3 2 2 1 ...\n",
      " $ ATT4  : int  4 1 7 3 1 2 5 6 1 8 ...\n",
      " $ ATT5  : int  3 1 7 2 6 1 9 2 4 9 ...\n",
      " $ ATT6  : int  7 1 5 8 5 4 3 7 6 2 ...\n",
      " $ ATT7  : int  1 1 2 4 3 10 7 3 8 2 ...\n",
      " $ ATT8  : int  2 5 7 6 1 3 1 6 8 5 ...\n",
      " $ ATT9  : int  6 6 1 7 7 9 10 7 4 1 ...\n",
      " $ ATT10 : int  8 1 1 2 1 5 7 3 3 3 ...\n",
      " $ Result: int  0 1 2 1 0 1 1 1 1 0 ...\n"
     ]
    }
   ],
   "source": [
    "str(actual)"
   ]
  },
  {
   "cell_type": "markdown",
   "metadata": {},
   "source": [
    "Now that we have imputed the values we can covert the values to INT as specified in the provided information. We are able to explore the data."
   ]
  },
  {
   "cell_type": "code",
   "execution_count": 101,
   "metadata": {},
   "outputs": [
    {
     "data": {
      "text/plain": [
       "      ATT1             ATT2             ATT3             ATT4      \n",
       " Min.   : 1.000   Min.   : 1.000   Min.   : 1.000   Min.   : 1.00  \n",
       " 1st Qu.: 2.000   1st Qu.: 2.000   1st Qu.: 2.000   1st Qu.: 2.00  \n",
       " Median : 4.000   Median : 4.000   Median : 4.000   Median : 4.00  \n",
       " Mean   : 4.425   Mean   : 4.501   Mean   : 4.423   Mean   : 4.44  \n",
       " 3rd Qu.: 7.000   3rd Qu.: 7.000   3rd Qu.: 7.000   3rd Qu.: 6.00  \n",
       " Max.   :10.000   Max.   :10.000   Max.   :10.000   Max.   :10.00  \n",
       "      ATT5             ATT6             ATT7             ATT8       \n",
       " Min.   : 1.000   Min.   : 1.000   Min.   : 1.000   Min.   : 1.000  \n",
       " 1st Qu.: 2.000   1st Qu.: 2.000   1st Qu.: 2.000   1st Qu.: 2.000  \n",
       " Median : 4.000   Median : 4.000   Median : 4.000   Median : 4.000  \n",
       " Mean   : 4.327   Mean   : 4.431   Mean   : 4.479   Mean   : 4.478  \n",
       " 3rd Qu.: 6.000   3rd Qu.: 6.000   3rd Qu.: 7.000   3rd Qu.: 7.000  \n",
       " Max.   :10.000   Max.   :10.000   Max.   :10.000   Max.   :10.000  \n",
       "      ATT9            ATT10            Result     \n",
       " Min.   : 1.000   Min.   : 1.000   Min.   :0.000  \n",
       " 1st Qu.: 2.000   1st Qu.: 2.000   1st Qu.:0.000  \n",
       " Median : 4.000   Median : 4.000   Median :1.000  \n",
       " Mean   : 4.446   Mean   : 4.459   Mean   :0.984  \n",
       " 3rd Qu.: 6.000   3rd Qu.: 7.000   3rd Qu.:2.000  \n",
       " Max.   :10.000   Max.   :10.000   Max.   :3.000  "
      ]
     },
     "metadata": {},
     "output_type": "display_data"
    }
   ],
   "source": [
    "summary(actual)"
   ]
  },
  {
   "cell_type": "code",
   "execution_count": 102,
   "metadata": {},
   "outputs": [
    {
     "data": {
      "text/html": [
       "<table>\n",
       "<thead><tr><th></th><th scope=col>ATT1</th><th scope=col>ATT2</th><th scope=col>ATT3</th><th scope=col>ATT4</th><th scope=col>ATT5</th><th scope=col>ATT6</th><th scope=col>ATT7</th><th scope=col>ATT8</th><th scope=col>ATT9</th><th scope=col>ATT10</th><th scope=col>Result</th></tr></thead>\n",
       "<tbody>\n",
       "\t<tr><th scope=row>ATT1</th><td>1.00000000</td><td>0.04694765</td><td>0.08155245</td><td>0.05644193</td><td>0.04475873</td><td>0.05411429</td><td>0.07030713</td><td>0.05078616</td><td>0.05318463</td><td>0.05363708</td><td>0.3746451 </td></tr>\n",
       "\t<tr><th scope=row>ATT2</th><td>0.04694765</td><td>1.00000000</td><td>0.06805979</td><td>0.06129739</td><td>0.03148968</td><td>0.03876773</td><td>0.01040558</td><td>0.03005082</td><td>0.09395665</td><td>0.07175823</td><td>0.3513808 </td></tr>\n",
       "\t<tr><th scope=row>ATT3</th><td>0.08155245</td><td>0.06805979</td><td>1.00000000</td><td>0.04619093</td><td>0.06467429</td><td>0.03924833</td><td>0.03043947</td><td>0.02630970</td><td>0.05997912</td><td>0.08434563</td><td>0.3652911 </td></tr>\n",
       "\t<tr><th scope=row>ATT4</th><td>0.05644193</td><td>0.06129739</td><td>0.04619093</td><td>1.00000000</td><td>0.08095189</td><td>0.04579681</td><td>0.05883525</td><td>0.02134851</td><td>0.02716573</td><td>0.08285518</td><td>0.3604520 </td></tr>\n",
       "\t<tr><th scope=row>ATT5</th><td>0.04475873</td><td>0.03148968</td><td>0.06467429</td><td>0.08095189</td><td>1.00000000</td><td>0.05011721</td><td>0.07164752</td><td>0.02912100</td><td>0.08269825</td><td>0.08387365</td><td>0.3743544 </td></tr>\n",
       "\t<tr><th scope=row>ATT6</th><td>0.05411429</td><td>0.03876773</td><td>0.03924833</td><td>0.04579681</td><td>0.05011721</td><td>1.00000000</td><td>0.02353072</td><td>0.04098002</td><td>0.06730040</td><td>0.06278645</td><td>0.3336554 </td></tr>\n",
       "\t<tr><th scope=row>ATT7</th><td>0.07030713</td><td>0.01040558</td><td>0.03043947</td><td>0.05883525</td><td>0.07164752</td><td>0.02353072</td><td>1.00000000</td><td>0.07779032</td><td>0.03726685</td><td>0.06749372</td><td>0.3400584 </td></tr>\n",
       "\t<tr><th scope=row>ATT8</th><td>0.05078616</td><td>0.03005082</td><td>0.02630970</td><td>0.02134851</td><td>0.02912100</td><td>0.04098002</td><td>0.07779032</td><td>1.00000000</td><td>0.04297858</td><td>0.03309635</td><td>0.3273196 </td></tr>\n",
       "\t<tr><th scope=row>ATT9</th><td>0.05318463</td><td>0.09395665</td><td>0.05997912</td><td>0.02716573</td><td>0.08269825</td><td>0.06730040</td><td>0.03726685</td><td>0.04297858</td><td>1.00000000</td><td>0.01185232</td><td>0.3488814 </td></tr>\n",
       "\t<tr><th scope=row>ATT10</th><td>0.05363708</td><td>0.07175823</td><td>0.08434563</td><td>0.08285518</td><td>0.08387365</td><td>0.06278645</td><td>0.06749372</td><td>0.03309635</td><td>0.01185232</td><td>1.00000000</td><td>0.3722676 </td></tr>\n",
       "\t<tr><th scope=row>Result</th><td>0.37464508</td><td>0.35138077</td><td>0.36529110</td><td>0.36045198</td><td>0.37435443</td><td>0.33365540</td><td>0.34005841</td><td>0.32731960</td><td>0.34888139</td><td>0.37226759</td><td>1.0000000 </td></tr>\n",
       "</tbody>\n",
       "</table>\n"
      ],
      "text/latex": [
       "\\begin{tabular}{r|lllllllllll}\n",
       "  & ATT1 & ATT2 & ATT3 & ATT4 & ATT5 & ATT6 & ATT7 & ATT8 & ATT9 & ATT10 & Result\\\\\n",
       "\\hline\n",
       "\tATT1 & 1.00000000 & 0.04694765 & 0.08155245 & 0.05644193 & 0.04475873 & 0.05411429 & 0.07030713 & 0.05078616 & 0.05318463 & 0.05363708 & 0.3746451 \\\\\n",
       "\tATT2 & 0.04694765 & 1.00000000 & 0.06805979 & 0.06129739 & 0.03148968 & 0.03876773 & 0.01040558 & 0.03005082 & 0.09395665 & 0.07175823 & 0.3513808 \\\\\n",
       "\tATT3 & 0.08155245 & 0.06805979 & 1.00000000 & 0.04619093 & 0.06467429 & 0.03924833 & 0.03043947 & 0.02630970 & 0.05997912 & 0.08434563 & 0.3652911 \\\\\n",
       "\tATT4 & 0.05644193 & 0.06129739 & 0.04619093 & 1.00000000 & 0.08095189 & 0.04579681 & 0.05883525 & 0.02134851 & 0.02716573 & 0.08285518 & 0.3604520 \\\\\n",
       "\tATT5 & 0.04475873 & 0.03148968 & 0.06467429 & 0.08095189 & 1.00000000 & 0.05011721 & 0.07164752 & 0.02912100 & 0.08269825 & 0.08387365 & 0.3743544 \\\\\n",
       "\tATT6 & 0.05411429 & 0.03876773 & 0.03924833 & 0.04579681 & 0.05011721 & 1.00000000 & 0.02353072 & 0.04098002 & 0.06730040 & 0.06278645 & 0.3336554 \\\\\n",
       "\tATT7 & 0.07030713 & 0.01040558 & 0.03043947 & 0.05883525 & 0.07164752 & 0.02353072 & 1.00000000 & 0.07779032 & 0.03726685 & 0.06749372 & 0.3400584 \\\\\n",
       "\tATT8 & 0.05078616 & 0.03005082 & 0.02630970 & 0.02134851 & 0.02912100 & 0.04098002 & 0.07779032 & 1.00000000 & 0.04297858 & 0.03309635 & 0.3273196 \\\\\n",
       "\tATT9 & 0.05318463 & 0.09395665 & 0.05997912 & 0.02716573 & 0.08269825 & 0.06730040 & 0.03726685 & 0.04297858 & 1.00000000 & 0.01185232 & 0.3488814 \\\\\n",
       "\tATT10 & 0.05363708 & 0.07175823 & 0.08434563 & 0.08285518 & 0.08387365 & 0.06278645 & 0.06749372 & 0.03309635 & 0.01185232 & 1.00000000 & 0.3722676 \\\\\n",
       "\tResult & 0.37464508 & 0.35138077 & 0.36529110 & 0.36045198 & 0.37435443 & 0.33365540 & 0.34005841 & 0.32731960 & 0.34888139 & 0.37226759 & 1.0000000 \\\\\n",
       "\\end{tabular}\n"
      ],
      "text/markdown": [
       "\n",
       "| <!--/--> | ATT1 | ATT2 | ATT3 | ATT4 | ATT5 | ATT6 | ATT7 | ATT8 | ATT9 | ATT10 | Result | \n",
       "|---|---|---|---|---|---|---|---|---|---|---|\n",
       "| ATT1 | 1.00000000 | 0.04694765 | 0.08155245 | 0.05644193 | 0.04475873 | 0.05411429 | 0.07030713 | 0.05078616 | 0.05318463 | 0.05363708 | 0.3746451  | \n",
       "| ATT2 | 0.04694765 | 1.00000000 | 0.06805979 | 0.06129739 | 0.03148968 | 0.03876773 | 0.01040558 | 0.03005082 | 0.09395665 | 0.07175823 | 0.3513808  | \n",
       "| ATT3 | 0.08155245 | 0.06805979 | 1.00000000 | 0.04619093 | 0.06467429 | 0.03924833 | 0.03043947 | 0.02630970 | 0.05997912 | 0.08434563 | 0.3652911  | \n",
       "| ATT4 | 0.05644193 | 0.06129739 | 0.04619093 | 1.00000000 | 0.08095189 | 0.04579681 | 0.05883525 | 0.02134851 | 0.02716573 | 0.08285518 | 0.3604520  | \n",
       "| ATT5 | 0.04475873 | 0.03148968 | 0.06467429 | 0.08095189 | 1.00000000 | 0.05011721 | 0.07164752 | 0.02912100 | 0.08269825 | 0.08387365 | 0.3743544  | \n",
       "| ATT6 | 0.05411429 | 0.03876773 | 0.03924833 | 0.04579681 | 0.05011721 | 1.00000000 | 0.02353072 | 0.04098002 | 0.06730040 | 0.06278645 | 0.3336554  | \n",
       "| ATT7 | 0.07030713 | 0.01040558 | 0.03043947 | 0.05883525 | 0.07164752 | 0.02353072 | 1.00000000 | 0.07779032 | 0.03726685 | 0.06749372 | 0.3400584  | \n",
       "| ATT8 | 0.05078616 | 0.03005082 | 0.02630970 | 0.02134851 | 0.02912100 | 0.04098002 | 0.07779032 | 1.00000000 | 0.04297858 | 0.03309635 | 0.3273196  | \n",
       "| ATT9 | 0.05318463 | 0.09395665 | 0.05997912 | 0.02716573 | 0.08269825 | 0.06730040 | 0.03726685 | 0.04297858 | 1.00000000 | 0.01185232 | 0.3488814  | \n",
       "| ATT10 | 0.05363708 | 0.07175823 | 0.08434563 | 0.08285518 | 0.08387365 | 0.06278645 | 0.06749372 | 0.03309635 | 0.01185232 | 1.00000000 | 0.3722676  | \n",
       "| Result | 0.37464508 | 0.35138077 | 0.36529110 | 0.36045198 | 0.37435443 | 0.33365540 | 0.34005841 | 0.32731960 | 0.34888139 | 0.37226759 | 1.0000000  | \n",
       "\n",
       "\n"
      ],
      "text/plain": [
       "       ATT1       ATT2       ATT3       ATT4       ATT5       ATT6      \n",
       "ATT1   1.00000000 0.04694765 0.08155245 0.05644193 0.04475873 0.05411429\n",
       "ATT2   0.04694765 1.00000000 0.06805979 0.06129739 0.03148968 0.03876773\n",
       "ATT3   0.08155245 0.06805979 1.00000000 0.04619093 0.06467429 0.03924833\n",
       "ATT4   0.05644193 0.06129739 0.04619093 1.00000000 0.08095189 0.04579681\n",
       "ATT5   0.04475873 0.03148968 0.06467429 0.08095189 1.00000000 0.05011721\n",
       "ATT6   0.05411429 0.03876773 0.03924833 0.04579681 0.05011721 1.00000000\n",
       "ATT7   0.07030713 0.01040558 0.03043947 0.05883525 0.07164752 0.02353072\n",
       "ATT8   0.05078616 0.03005082 0.02630970 0.02134851 0.02912100 0.04098002\n",
       "ATT9   0.05318463 0.09395665 0.05997912 0.02716573 0.08269825 0.06730040\n",
       "ATT10  0.05363708 0.07175823 0.08434563 0.08285518 0.08387365 0.06278645\n",
       "Result 0.37464508 0.35138077 0.36529110 0.36045198 0.37435443 0.33365540\n",
       "       ATT7       ATT8       ATT9       ATT10      Result   \n",
       "ATT1   0.07030713 0.05078616 0.05318463 0.05363708 0.3746451\n",
       "ATT2   0.01040558 0.03005082 0.09395665 0.07175823 0.3513808\n",
       "ATT3   0.03043947 0.02630970 0.05997912 0.08434563 0.3652911\n",
       "ATT4   0.05883525 0.02134851 0.02716573 0.08285518 0.3604520\n",
       "ATT5   0.07164752 0.02912100 0.08269825 0.08387365 0.3743544\n",
       "ATT6   0.02353072 0.04098002 0.06730040 0.06278645 0.3336554\n",
       "ATT7   1.00000000 0.07779032 0.03726685 0.06749372 0.3400584\n",
       "ATT8   0.07779032 1.00000000 0.04297858 0.03309635 0.3273196\n",
       "ATT9   0.03726685 0.04297858 1.00000000 0.01185232 0.3488814\n",
       "ATT10  0.06749372 0.03309635 0.01185232 1.00000000 0.3722676\n",
       "Result 0.34005841 0.32731960 0.34888139 0.37226759 1.0000000"
      ]
     },
     "metadata": {},
     "output_type": "display_data"
    }
   ],
   "source": [
    "cor(actual)"
   ]
  },
  {
   "cell_type": "markdown",
   "metadata": {},
   "source": [
    "The variables are very uncorrelated. "
   ]
  },
  {
   "cell_type": "code",
   "execution_count": 103,
   "metadata": {},
   "outputs": [
    {
     "name": "stderr",
     "output_type": "stream",
     "text": [
      "Using  as id variables\n"
     ]
    },
    {
     "data": {},
     "metadata": {},
     "output_type": "display_data"
    },
    {
     "data": {
